.Random.seed <-
c(403L, 10L, -1491392166L, 1625420572L, 705078815L, -1205600651L, 
-470328564L, -371992862L, 1369652157L, -1281958857L, -80212258L, 
-483956200L, 243709307L, -418747111L, 1234579880L, -240138922L, 
-1760152111L, -1488433789L, 964858898L, 797564836L, 90535783L, 
1297196221L, 1105564724L, -2138187878L, -465075227L, 500793215L, 
1797627654L, 2139543696L, 1898443059L, -913971503L, -207424384L, 
-1862437538L, -940488023L, -845556389L, -134592662L, 203394572L, 
696157775L, 1082313477L, 1513606076L, 397991570L, 1620655501L, 
123891143L, -912470354L, 866526984L, -414173941L, -561789975L, 
2145645752L, 1201660774L, -308082687L, 451860115L, 361654594L, 
2006664948L, -980692233L, -1147682067L, -1284940412L, -1971924054L, 
1120725269L, 739812271L, -1073251402L, 1553326560L, 725877027L, 
-519850431L, -508692176L, 1552272206L, -953232967L, 897240011L, 
616546426L, -2016763524L, 1847767487L, -1645900139L, -559565652L, 
-1360208254L, -2072447395L, 2121308503L, -253754306L, -453539720L, 
127882075L, 1737215673L, 2124022536L, 342604214L, -624376079L, 
-1896525533L, 925795186L, 1476569540L, 1520357767L, 1424010077L, 
-1195154092L, -899610758L, -608966971L, 1832118303L, 608178086L, 
236024112L, -1204786221L, 1613541873L, -240756960L, 1021714878L, 
-406236727L, -266631813L, -1134611638L, -1493421140L, 482450095L, 
1045358693L, 1578797084L, -1261369742L, -1034987283L, -556328665L, 
-229079730L, 375539112L, -2028699221L, -20530487L, -76961064L, 
-1855481978L, 1137052257L, 535319539L, -255064478L, -291020588L, 
-1380488745L, 1599183821L, -1660932252L, -1184924854L, -65992011L, 
921877007L, -209593578L, 273774016L, -808147581L, 1757604769L, 
-1257098352L, -707071890L, -1845864935L, -1061652821L, -1722660198L, 
1931884124L, 746365791L, 959126837L, -1121874740L, 2023585314L, 
172869757L, -1052757641L, 2118033054L, -2043441832L, 135593147L, 
-709311911L, -481203736L, 317066262L, 1774204817L, -1567319997L, 
-1435345070L, 792306660L, -1958282713L, -1845325187L, -1516614796L, 
-1511217318L, 332898725L, 651902399L, -478847418L, 75361488L, 
671041267L, -605011951L, 360588864L, 1082755614L, -1880488727L, 
105819675L, -946680278L, 1633464652L, -2123007217L, -280498619L, 
1858099196L, -1965044142L, 993448909L, 1886936455L, 1609799790L, 
-82419640L, -1587490229L, 1075629993L, -562659592L, -1247798746L, 
1483051841L, -1060341549L, -733397886L, -1243252044L, -1578684873L, 
2112984365L, -565404092L, 1636115306L, 864759765L, -1861060241L, 
1753191542L, -594083936L, 760211555L, -1110381311L, -615358352L, 
968944654L, 883477625L, -609805301L, 1414075706L, 1297327164L, 
601977727L, -223379243L, 741881068L, -1225699774L, 1114882461L, 
-883379177L, -1350276738L, 347451192L, 1255696411L, 244541817L, 
-1988243512L, -35040266L, 1934329393L, 232423523L, 2076672050L, 
1460059524L, -2023242809L, 2012161693L, -424669676L, -209005382L, 
244662533L, 910156511L, 1711460198L, 489350896L, -489038317L, 
1968240561L, 1663025760L, -199671810L, -870633591L, -726882117L, 
-595442550L, -2065819796L, 935044335L, 1571313472L, 357296308L, 
-1958102200L, -1700947270L, 412866320L, -137510676L, -1276128172L, 
-27631854L, 1352817568L, -1177813044L, -1083327648L, -354529086L, 
-949344728L, -211376724L, 1480056636L, -1783888014L, -2096817360L, 
276447780L, -285648840L, 567043290L, -1517131376L, -2083125508L, 
1455550356L, 580086594L, -1212456448L, 380582460L, -778666416L, 
-1462437214L, 1114823496L, -1000447476L, 2028154076L, -1164518830L, 
120162432L, 628071252L, -2057782808L, 59263738L, -1187219632L, 
1073364012L, -62868108L, 132646546L, 1899248224L, 1736098444L, 
1817705312L, -1609571614L, -1308344152L, 1827340492L, 729303548L, 
1811386290L, -9251344L, 2095465924L, 1408737112L, -1251349638L, 
2036012464L, -675407428L, -840521644L, 1573366722L, 1383826208L, 
8847292L, -1602663856L, -273842718L, 357962088L, 1667337548L, 
427444476L, 1241408242L, -507832576L, -1189263756L, -2020775928L, 
-1036535366L, 1493145552L, -189802004L, 722194324L, 294253266L, 
1767730784L, -858946228L, -1463036640L, 1254707842L, -1693210136L, 
1335691244L, 693859900L, -205050254L, -1088543888L, 1805445412L, 
-596430280L, 1470136730L, 647924176L, -620356164L, 1141450900L, 
114883714L, -1834957376L, 672023356L, 799634576L, 538813218L, 
1354575368L, 267906316L, 1737889180L, -947921390L, 708643712L, 
-273571052L, -1310256856L, 1664052282L, -130225200L, -124026260L, 
2134424116L, -571303278L, 1530895712L, 1267878220L, 1759107040L, 
-1325066846L, 1567096232L, -1466079604L, -940294724L, 945024626L, 
1051982832L, -2006698428L, 2027845720L, 1610504250L, 966977648L, 
-1203914692L, 1180711188L, 1636336322L, 268930784L, 1533765756L, 
403984080L, 912333218L, 579825704L, -1425188084L, 2033766844L, 
-612216014L, 1732975296L, 1629168692L, -1303701816L, 2133816506L, 
1348138640L, 1410871020L, -1772230060L, -1504017774L, -127958752L, 
-220632628L, -480984352L, -1805412158L, 8762408L, 332101548L, 
-1935277380L, -438989838L, 1136078384L, 1717692324L, 690728376L, 
-1231394982L, 881111184L, -2096405636L, -93646572L, 1111705922L, 
998140160L, 1093799356L, -836630192L, -1557976798L, -1432141240L, 
1231579148L, 1384924764L, 668772818L, 1250168320L, 944692564L, 
1999113448L, -448722694L, -264921392L, -171947220L, -910350092L, 
1050452370L, -859519648L, -654248948L, 2106084576L, 88691298L, 
2065917096L, -1231403956L, -1415585924L, -125634254L, 1477894768L, 
-2144570556L, 1770109912L, 1337338746L, 1630599216L, 1890009020L, 
-1172411820L, -1740394430L, -1751824736L, -656768324L, -1527659568L, 
-27552414L, 1718992616L, 1763482828L, -1901962756L, -765518350L, 
-1729258368L, 510278132L, -1794686328L, -1927578822L, -2053675696L, 
-1464581012L, -1820324460L, -121051054L, 1292025312L, 82490572L, 
-1621614944L, 1332547970L, 764666088L, -1708864788L, -1010770628L, 
1353353330L, -369139088L, 730274340L, 1855531064L, 619133210L, 
958047440L, -692643524L, -1796303980L, 2005784450L, -1563620416L, 
1932596796L, 1941389712L, 751364130L, -1377186552L, -764778356L, 
673992476L, -850084718L, 2103299456L, -390025196L, -466213080L, 
1056112223L, -1626580808L, -1318560362L, 1864896419L, 1286800229L, 
624190082L, -748703760L, 2020391321L, 1426306955L, 118489724L, 
-1812033366L, 621523679L, -665091991L, 203061886L, 1004126828L, 
1994276541L, -1792867449L, -1928796304L, -1331720690L, -1615555781L, 
-363343843L, 2140145866L, 1215026152L, -1803853615L, -864142141L, 
-1908915260L, -1564153742L, 1363130695L, 1600972049L, 99459222L, 
1036953076L, 487307141L, 1349150415L, -22416440L, -574971290L, 
-561726317L, -863628299L, -990808622L, -709491168L, -904108023L, 
1967115579L, -301088628L, 157347098L, 381445007L, -1642390311L, 
-1126403218L, 50471676L, -1098280851L, -1885373417L, -1942602272L, 
1581164990L, 1420951435L, 1120092173L, 1168304186L, -1442461576L, 
-1712511967L, 1118090963L, -673135116L, -698390910L, 252658455L, 
832606689L, -1541546202L, 1822951972L, -1721062187L, -2113414017L, 
1612091672L, -784547786L, 20174531L, 2075040517L, 532971170L, 
303434896L, -901702599L, 1045820651L, 1770186204L, -743535606L, 
-1659344129L, -472480951L, -180619042L, 365553292L, 1772704349L, 
-2118848409L, -603034224L, -958145106L, -1619507109L, 1973977149L, 
1757238954L, 1438282568L, -67700879L, -149856029L, -389941276L, 
741568274L, -396709145L, 1504834737L, -1746872586L, 753844500L, 
962754085L, 1563183919L, 1332853992L, -1805935162L, -499831693L, 
-1782307115L, 507075762L, 774443136L, 1065286761L, 626804955L, 
-1893901268L, 1175462970L, 83489519L, 1657335161L, 38388238L, 
-1890143268L, -1734493107L, 1041919927L, 1777783104L, 959739934L, 
-1403179285L, 319307373L, 217900762L, 1550194328L, -1368777471L, 
1024402099L, -1352208940L, 1582181602L, -521763465L, 1147288769L, 
936542278L, 1890971524L, 1391544629L, 1120294687L, -186041736L, 
-1134174378L, -1552564765L, 1021793189L, -681221566L, -1125941200L, 
789869657L, -1481233973L, 2135616060L, -163306390L, 766293663L, 
32291625L, -1893279810L, -1481611604L, 886033405L, 495108935L, 
-455318480L, 2116797774L, 1980521851L, 679873245L, 301058826L, 
